              precision    recall  f1-score   support

           0       0.89      0.99      0.94     38177
           1       0.61      0.63      0.62      1618
           2       0.73      0.50      0.59      1161
           3       0.65      0.38      0.48      1715
           4       0.00      0.00      0.00       882
           5       0.56      0.09      0.16      1646
           6       0.00      0.00      0.00       259
           7       0.00      0.00      0.00       723
           8       0.00      0.00      0.00       254

    accuracy                           0.87     46435
   macro avg       0.38      0.29      0.31     46435
weighted avg       0.81      0.87      0.83     46435
