              precision    recall  f1-score   support

           0       0.88      0.99      0.93     38177
           1       0.53      0.46      0.49      1618
           2       0.63      0.41      0.50      1161
           3       0.65      0.38      0.48      1715
           4       0.00      0.00      0.00       882
           5       0.57      0.04      0.07      1646
           6       0.00      0.00      0.00       259
           7       0.67      0.00      0.01       723
           8       0.00      0.00      0.00       254

    accuracy                           0.86     46435
   macro avg       0.44      0.25      0.28     46435
weighted avg       0.81      0.86      0.82     46435
