              precision    recall  f1-score   support

           0       0.89      0.99      0.94     38177
           1       0.53      0.67      0.59      1618
           2       0.77      0.49      0.60      1161
           3       0.73      0.28      0.41      1715
           4       1.00      0.00      0.01       882
           5       0.79      0.19      0.30      1646
           6       0.00      0.00      0.00       259
           7       0.00      0.00      0.00       723
           8       0.00      0.00      0.00       254

    accuracy                           0.87     46435
   macro avg       0.52      0.29      0.32     46435
weighted avg       0.84      0.87      0.83     46435
